[1] "processed_total_resp_stats"
         means           sd  lower_bound  upper_bound
1  1852274.621  223523.7878 1.808464e+06 1.896085e+06
2        8.433       0.4224 8.350200e+00 8.515800e+00
3     2336.490      71.4539 2.322485e+03 2.350495e+03
4  8452461.686  565356.0257 8.341652e+06 8.563271e+06
5       58.407       0.2289 5.836210e+01 5.845190e+01
6    10886.830     353.0812 1.081763e+04 1.095603e+04
7 39556921.143 1772684.1353 3.920948e+07 3.990437e+07
8      108.398       0.1015 1.083781e+02 1.084179e+02
9    50768.680    1686.6283 5.043810e+04 5.109926e+04
[1] "processed_max_fam_stats"
        means        sd lower_bound upper_bound
1   2184.0644  371.9523   2111.1617   2256.9670
2  10349.4047  941.2609  10164.9175  10533.8918
3  48975.0912 2508.1062  48483.5024  49466.6800
4    111.5296   18.3322    107.9364    115.1227
5   2877.0739  346.8519   2809.0910   2945.0569
6  31409.0022 2686.9188  30882.3661  31935.6383
7      0.0818    0.0488      0.0722      0.0913
8      0.1849    0.2550      0.1349      0.2349
9      0.4310    0.0406      0.4230      0.4389
10     0.0000    0.0000      0.0000      0.0000
[1] "processed_famsizes_freq_stats"
$d5
    means     sd lower_bound upper_bound
1  0.2735 0.0207      0.2694      0.2776
2  0.0355 0.0089      0.0337      0.0372
3  0.0922 0.0114      0.0900      0.0945
4  0.1181 0.0140      0.1153      0.1209
5  0.1399 0.0157      0.1368      0.1429
6  0.1306 0.0157      0.1275      0.1337
7  0.0891 0.0113      0.0869      0.0913
8  0.0609 0.0099      0.0590      0.0629
9  0.0362 0.0079      0.0346      0.0377
10 0.0179 0.0056      0.0168      0.0190
11 0.0056 0.0033      0.0049      0.0062
12 0.0006 0.0009      0.0004      0.0007
13 0.0000 0.0000      0.0000      0.0000
14 0.0000 0.0000      0.0000      0.0000
15 0.0000 0.0000      0.0000      0.0000
16 0.0000 0.0000      0.0000      0.0000
17 0.0000 0.0000      0.0000      0.0000
18 0.0000 0.0000      0.0000      0.0000
19 0.0000 0.0000      0.0000      0.0000
20 0.0000 0.0000      0.0000      0.0000

$d6
    means     sd lower_bound upper_bound
1  0.1083 0.0148      0.1054      0.1112
2  0.0188 0.0060      0.0176      0.0200
3  0.0776 0.0120      0.0752      0.0800
4  0.0936 0.0153      0.0906      0.0966
5  0.1148 0.0142      0.1120      0.1176
6  0.1214 0.0139      0.1186      0.1241
7  0.1094 0.0125      0.1070      0.1119
8  0.0959 0.0110      0.0938      0.0981
9  0.0802 0.0116      0.0779      0.0824
10 0.0634 0.0107      0.0613      0.0655
11 0.0489 0.0096      0.0470      0.0508
12 0.0325 0.0073      0.0311      0.0339
13 0.0200 0.0064      0.0188      0.0212
14 0.0101 0.0044      0.0093      0.0110
15 0.0039 0.0030      0.0033      0.0045
16 0.0011 0.0015      0.0008      0.0014
17 0.0001 0.0005      0.0000      0.0002
18 0.0000 0.0000      0.0000      0.0000
19 0.0000 0.0000      0.0000      0.0000
20 0.0000 0.0000      0.0000      0.0000

$d7
    means     sd lower_bound upper_bound
1  0.0401 0.0097      0.0382      0.0420
2  0.0078 0.0045      0.0069      0.0087
3  0.0736 0.0123      0.0712      0.0760
4  0.0725 0.0121      0.0701      0.0748
5  0.0850 0.0113      0.0828      0.0872
6  0.0965 0.0124      0.0941      0.0990
7  0.0965 0.0144      0.0936      0.0993
8  0.0949 0.0134      0.0923      0.0976
9  0.0884 0.0126      0.0859      0.0909
10 0.0828 0.0109      0.0807      0.0849
11 0.0735 0.0117      0.0712      0.0758
12 0.0615 0.0113      0.0593      0.0637
13 0.0478 0.0099      0.0458      0.0497
14 0.0351 0.0092      0.0333      0.0369
15 0.0232 0.0067      0.0219      0.0245
16 0.0131 0.0046      0.0122      0.0140
17 0.0060 0.0033      0.0053      0.0066
18 0.0014 0.0016      0.0011      0.0018
19 0.0003 0.0007      0.0001      0.0004
20 0.0000 0.0000      0.0000      0.0000

$d8
    means     sd lower_bound upper_bound
1  0.0137 0.0051      0.0127      0.0147
2  0.0060 0.0038      0.0053      0.0068
3  0.0771 0.0132      0.0745      0.0797
4  0.0687 0.0109      0.0666      0.0709
5  0.0725 0.0116      0.0702      0.0748
6  0.0803 0.0125      0.0778      0.0827
7  0.0837 0.0121      0.0813      0.0861
8  0.0870 0.0132      0.0844      0.0896
9  0.0891 0.0124      0.0867      0.0915
10 0.0865 0.0110      0.0844      0.0887
11 0.0785 0.0119      0.0761      0.0808
12 0.0726 0.0125      0.0701      0.0750
13 0.0603 0.0111      0.0581      0.0625
14 0.0504 0.0102      0.0484      0.0524
15 0.0357 0.0088      0.0340      0.0375
16 0.0235 0.0062      0.0223      0.0248
17 0.0112 0.0043      0.0103      0.0120
18 0.0029 0.0022      0.0025      0.0033
19 0.0004 0.0008      0.0002      0.0005
20 0.0000 0.0000      0.0000      0.0000

[1] "processed_famsize_stats"
$d5
     means      sd lower_bound upper_bound
1  62.9700  6.5927     61.6778     64.2622
2  20.6500  1.5723     20.3418     20.9582
3 130.6206 21.5416    126.3985    134.8428
4   0.4811  0.0310      0.4750      0.4872

$d6
      means       sd lower_bound upper_bound
1  513.3200  82.5146    497.1471    529.4929
2   51.5800   6.3837     50.3288     52.8312
3 1838.8947 515.2347   1737.9087   1939.8807
4    0.6416   0.0447      0.6329      0.6504

$d7
      means        sd lower_bound upper_bound
1 2274.7900  383.4993   2199.6241   2349.9559
2  129.6200   20.2089    125.6591    133.5809
3 8786.7436 2500.6478   8296.6167   9276.8706
4    0.6648    0.0448      0.6560      0.6736

$d8
       means        sd lower_bound upper_bound
1  3521.1300  449.2522   3433.0766   3609.1834
2   209.7400   33.3347    203.2064    216.2736
3 11705.4124 2134.5963  11287.0315  12123.7932
4     0.6126    0.0406      0.6047      0.6206

[1] "processed_Q_famsize_stats"
   means     sd lower_bound upper_bound
1 0.1592 0.0509      0.1492      0.1692
2 0.5935 0.0311      0.5874      0.5996
3 0.6733 0.0245      0.6685      0.6781
4 0.0244 0.0906      0.0066      0.0421
5 0.0000 0.0000      0.0000      0.0000
6 0.0000 0.0000      0.0000      0.0000
