[1] "processed_total_resp_stats"
                  means           sd  lower_bound  upper_bound
max_cells   1852274.621 2.235238e+05 1.808464e+06 1.896085e+06
time_max          8.433 4.223683e-01 8.350216e+00 8.515784e+00
Q_cells        2336.490 7.145395e+01 2.322485e+03 2.350495e+03
max_cells1  8452461.686 5.653560e+05 8.341652e+06 8.563271e+06
time_max1        58.407 2.288553e-01 5.836214e+01 5.845186e+01
Q_cells1      10886.830 3.530812e+02 1.081763e+04 1.095603e+04
max_cells2 39556921.143 1.772684e+06 3.920948e+07 3.990437e+07
time_max2       108.398 1.014839e-01 1.083781e+02 1.084179e+02
Q_cells2      50768.680 1.686628e+03 5.043810e+04 5.109926e+04
[1] "processed_max_fam_stats"
                        means           sd   lower_bound  upper_bound
mean_prim        2.184064e+03 3.719523e+02  2.111162e+03 2.256967e+03
mean_sec         1.034940e+04 9.412609e+02  1.016492e+04 1.053389e+04
mean_ter         4.897509e+04 2.508106e+03  4.848350e+04 4.946668e+04
median_prim      1.115296e+02 1.833219e+01  1.079364e+02 1.151227e+02
median_sec       2.877074e+03 3.468519e+02  2.809091e+03 2.945057e+03
median_ter       3.140900e+04 2.686919e+03  3.088237e+04 3.193564e+04
cor_prim_sec     8.175274e-02 4.876403e-02  7.219499e-02 9.131049e-02
p_value_prim_sec 1.848947e-01 2.550109e-01  1.349126e-01 2.348768e-01
cor_sec_ter      4.309655e-01 4.059500e-02  4.230089e-01 4.389221e-01
p_value_sec_ter  7.606651e-17 4.491147e-16 -1.195997e-17 1.640930e-16
[1] "processed_famsizes_freq_stats"
$d5
     means           sd  lower_bound  upper_bound
0  0.27350 0.0206644671 0.2694497644 0.2775502356
1  0.03548 0.0089470722 0.0337263738 0.0372336262
2  0.09224 0.0114036322 0.0900048881 0.0944751119
3  0.11810 0.0140457406 0.1153470348 0.1208529652
4  0.13986 0.0156972751 0.1367833341 0.1429366659
5  0.13060 0.0156540891 0.1275317985 0.1336682015
6  0.08910 0.0113471395 0.0868759607 0.0913240393
7  0.06092 0.0098777170 0.0589839675 0.0628560325
8  0.03616 0.0078967069 0.0346122454 0.0377077546
9  0.01792 0.0056491351 0.0168127695 0.0190272305
10 0.00556 0.0032977495 0.0049136411 0.0062063589
11 0.00056 0.0009462312 0.0003745387 0.0007454613
12 0.00000 0.0000000000 0.0000000000 0.0000000000
13 0.00000 0.0000000000 0.0000000000 0.0000000000
14 0.00000 0.0000000000 0.0000000000 0.0000000000
15 0.00000 0.0000000000 0.0000000000 0.0000000000
16 0.00000 0.0000000000 0.0000000000 0.0000000000
17 0.00000 0.0000000000 0.0000000000 0.0000000000
18 0.00000 0.0000000000 0.0000000000 0.0000000000
19 0.00000 0.0000000000 0.0000000000 0.0000000000

$d6
     means           sd   lower_bound  upper_bound
0  0.10830 0.0148347803  1.053924e-01 0.1112076169
1  0.01878 0.0060093866  1.760216e-02 0.0199578398
2  0.07760 0.0120033665  7.524734e-02 0.0799526598
3  0.09358 0.0152773550  9.058564e-02 0.0965743616
4  0.11482 0.0141709477  1.120425e-01 0.1175975057
5  0.12138 0.0139485201  1.186461e-01 0.1241139099
6  0.10944 0.0124983393  1.069903e-01 0.1118896745
7  0.09594 0.0110296387  9.377819e-02 0.0981018092
8  0.08016 0.0115878027  7.788879e-02 0.0824312093
9  0.06336 0.0106699995  6.126868e-02 0.0654513199
10 0.04890 0.0096121766  4.701601e-02 0.0507839866
11 0.03250 0.0073160954  3.106605e-02 0.0339339547
12 0.02000 0.0063754580  1.875041e-02 0.0212495898
13 0.01014 0.0043693607  9.283605e-03 0.0109963947
14 0.00392 0.0030473701  3.322715e-03 0.0045172845
15 0.00110 0.0014873201  8.084853e-04 0.0013915147
16 0.00008 0.0004857567 -1.520832e-05 0.0001752083
17 0.00000 0.0000000000  0.000000e+00 0.0000000000
18 0.00000 0.0000000000  0.000000e+00 0.0000000000
19 0.00000 0.0000000000  0.000000e+00 0.0000000000

$d7
     means           sd  lower_bound  upper_bound
0  0.04012 0.0096685265 0.0382249688 0.0420150312
1  0.00778 0.0044757032 0.0069027622 0.0086572378
2  0.07364 0.0122742401 0.0712342489 0.0760457511
3  0.07246 0.0120666667 0.0700949333 0.0748250667
4  0.08502 0.0113190463 0.0828014669 0.0872385331
5  0.09654 0.0123806790 0.0941133869 0.0989666131
6  0.09646 0.0143656577 0.0936443311 0.0992756689
7  0.09494 0.0133740439 0.0923186874 0.0975613126
8  0.08840 0.0126299308 0.0859245336 0.0908754664
9  0.08280 0.0109212054 0.0806594437 0.0849405563
10 0.07350 0.0116908840 0.0712085867 0.0757914133
11 0.06148 0.0113337611 0.0592585828 0.0637014172
12 0.04776 0.0098566698 0.0458280927 0.0496919073
13 0.03508 0.0092000000 0.0332768000 0.0368832000
14 0.02322 0.0066660303 0.0219134581 0.0245265419
15 0.01314 0.0046210323 0.0122342777 0.0140457223
16 0.00596 0.0032903900 0.0053150836 0.0066049164
17 0.00144 0.0016349713 0.0011195456 0.0017604544
18 0.00026 0.0006759953 0.0001275049 0.0003924951
19 0.00000 0.0000000000 0.0000000000 0.0000000000

$d8
     means           sd  lower_bound  upper_bound
0  0.01370 0.0050722059 0.0127058476 0.0146941524
1  0.00604 0.0037710219 0.0053008797 0.0067791203
2  0.07710 0.0131636936 0.0745199161 0.0796800839
3  0.06872 0.0108786511 0.0665877844 0.0708522156
4  0.07250 0.0115937113 0.0702276326 0.0747723674
5  0.08026 0.0124807893 0.0778137653 0.0827062347
6  0.08370 0.0120717552 0.0813339360 0.0860660640
7  0.08698 0.0132191933 0.0843890381 0.0895709619
8  0.08910 0.0123627822 0.0866768947 0.0915231053
9  0.08652 0.0110155813 0.0843609461 0.0886790539
10 0.07846 0.0119319789 0.0761213321 0.0807986679
11 0.07256 0.0125177208 0.0701065267 0.0750134733
12 0.06030 0.0111205515 0.0581203719 0.0624796281
13 0.05038 0.0101889027 0.0483829751 0.0523770249
14 0.03572 0.0088489913 0.0339855977 0.0374544023
15 0.02354 0.0062140603 0.0223220442 0.0247579558
16 0.01116 0.0042751809 0.0103220645 0.0119979355
17 0.00290 0.0022450844 0.0024599635 0.0033400365
18 0.00036 0.0007722458 0.0002086398 0.0005113602
19 0.00000 0.0000000000 0.0000000000 0.0000000000

[1] "processed_famsize_stats"
$d5
          means        sd lower_bound upper_bound
mean    62.9700  6.592703    61.67783    64.26217
median  20.6500  1.572330    20.34182    20.95818
sd     130.6206 21.541596   126.39849   134.84279

$d6
          means        sd lower_bound upper_bound
mean    513.320  82.51463    497.1471    529.4929
median   51.580   6.38366     50.3288     52.8312
sd     1838.895 515.23473   1737.9087   1939.8807

$d7
          means        sd lower_bound upper_bound
mean   2274.790  383.4993   2199.6241   2349.9559
median  129.620   20.2089    125.6591    133.5809
sd     8786.744 2500.6478   8296.6167   9276.8706

$d8
          means         sd lower_bound upper_bound
mean    3521.13  449.25221   3433.0766   3609.1834
median   209.74   33.33473    203.2064    216.2736
sd     11705.41 2134.59628  11287.0315  12123.7932

[1] "processed_Q_famsize_stats"
                   means           sd   lower_bound  upper_bound
prim_cor    1.592299e-01 5.094660e-02  1.492444e-01 1.692154e-01
sec_cor     5.935378e-01 3.112590e-02  5.874371e-01 5.996385e-01
ter_cor     6.732943e-01 2.446908e-02  6.684984e-01 6.780903e-01
prim_pvalue 2.438168e-02 9.056638e-02  6.630665e-03 4.213269e-02
sec_pvalue  4.008856e-38 3.107594e-37 -2.082027e-38 1.009974e-37
ter_pvalue  2.265097e-52 2.263018e-51 -2.170418e-52 6.700612e-52
