[1] "processed_total_resp_stats"
   variable       means           sd  lower_bound  upper_bound
1 max_cells  2010094.01  606654.5454 1.744216e+06 2.275972e+06
2  time_max       10.82       0.8655 1.044070e+01 1.119930e+01
3   Q_cells     2323.60      65.0145 2.295106e+03 2.352094e+03
4 max_cells  7644819.42  950240.9922 7.228358e+06 8.061281e+06
5  time_max       60.69       0.3999 6.051470e+01 6.086530e+01
6   Q_cells    10870.00     311.7285 1.073338e+04 1.100662e+04
7 max_cells 35719258.94 2145556.7065 3.477893e+07 3.665959e+07
8  time_max      110.68       0.2262 1.105809e+02 1.107791e+02
9   Q_cells    50798.30    1539.3328 5.012366e+04 5.147294e+04
[1] "processed_max_fam_stats"
           variable     means       sd lower_bound upper_bound
1         mean_prim  416.1372  55.8061    391.6791    440.5953
2          mean_sec 1874.3702 111.4966   1825.5047   1923.2358
3          mean_ter 8760.3706 328.4428   8616.4242   8904.3170
4       median_prim   75.4879   6.7161     72.5445     78.4314
5        median_sec  944.8446  96.0318    902.7569    986.9324
6        median_ter 6450.2594 273.0261   6330.6004   6569.9183
7      cor_prim_sec    0.0880   0.0504      0.0659      0.1101
8  p_value_prim_sec    0.1850   0.2703      0.0666      0.3035
9       cor_sec_ter    0.5135   0.0317      0.4996      0.5274
10  p_value_sec_ter    0.0000   0.0000      0.0000      0.0000
[1] "processed_famsizes_freq_stats"
$d5
   variable  means     sd lower_bound upper_bound
1         1 0.2838 0.0144      0.2775      0.2901
2         2 0.0358 0.0077      0.0324      0.0392
3         3 0.0776 0.0091      0.0736      0.0816
4         4 0.1218 0.0189      0.1135      0.1301
5         5 0.1522 0.0147      0.1458      0.1586
6         6 0.1414 0.0143      0.1351      0.1477
7         7 0.0974 0.0113      0.0925      0.1023
8         8 0.0579 0.0102      0.0534      0.0624
9         9 0.0248 0.0064      0.0220      0.0276
10       10 0.0065 0.0049      0.0044      0.0086
11       11 0.0007 0.0012      0.0002      0.0012
12       12 0.0001 0.0004     -0.0001      0.0003
13       13 0.0000 0.0000      0.0000      0.0000
14       14 0.0000 0.0000      0.0000      0.0000
15       15 0.0000 0.0000      0.0000      0.0000
16       16 0.0000 0.0000      0.0000      0.0000
17       17 0.0000 0.0000      0.0000      0.0000
18       18 0.0000 0.0000      0.0000      0.0000
19       19 0.0000 0.0000      0.0000      0.0000
20       20 0.0000 0.0000      0.0000      0.0000

$d6
   variable  means     sd lower_bound upper_bound
1         1 0.1158 0.0160      0.1088      0.1228
2         2 0.0175 0.0043      0.0156      0.0194
3         3 0.0583 0.0140      0.0522      0.0644
4         4 0.0922 0.0141      0.0860      0.0984
5         5 0.1359 0.0181      0.1280      0.1438
6         6 0.1542 0.0151      0.1476      0.1608
7         7 0.1401 0.0112      0.1352      0.1450
8         8 0.1215 0.0148      0.1150      0.1280
9         9 0.0813 0.0109      0.0765      0.0861
10       10 0.0495 0.0086      0.0457      0.0533
11       11 0.0229 0.0058      0.0203      0.0255
12       12 0.0087 0.0038      0.0070      0.0104
13       13 0.0019 0.0025      0.0008      0.0030
14       14 0.0002 0.0006     -0.0001      0.0005
15       15 0.0000 0.0000      0.0000      0.0000
16       16 0.0000 0.0000      0.0000      0.0000
17       17 0.0000 0.0000      0.0000      0.0000
18       18 0.0000 0.0000      0.0000      0.0000
19       19 0.0000 0.0000      0.0000      0.0000
20       20 0.0000 0.0000      0.0000      0.0000

$d7
   variable  means     sd lower_bound upper_bound
1         1 0.0413 0.0111      0.0364      0.0462
2         2 0.0113 0.0037      0.0097      0.0129
3         3 0.0547 0.0126      0.0492      0.0602
4         4 0.0699 0.0097      0.0657      0.0741
5         5 0.1040 0.0114      0.0990      0.1090
6         6 0.1244 0.0158      0.1175      0.1313
7         7 0.1320 0.0157      0.1251      0.1389
8         8 0.1268 0.0130      0.1211      0.1325
9         9 0.1167 0.0121      0.1114      0.1220
10       10 0.0899 0.0121      0.0846      0.0952
11       11 0.0608 0.0108      0.0561      0.0655
12       12 0.0386 0.0082      0.0350      0.0422
13       13 0.0201 0.0042      0.0182      0.0220
14       14 0.0078 0.0045      0.0058      0.0098
15       15 0.0015 0.0013      0.0009      0.0021
16       16 0.0002 0.0006     -0.0001      0.0005
17       17 0.0000 0.0000      0.0000      0.0000
18       18 0.0000 0.0000      0.0000      0.0000
19       19 0.0000 0.0000      0.0000      0.0000
20       20 0.0000 0.0000      0.0000      0.0000

$d8
   variable  means     sd lower_bound upper_bound
1         1 0.0132 0.0065      0.0104      0.0160
2         2 0.0098 0.0059      0.0072      0.0124
3         3 0.0529 0.0204      0.0440      0.0618
4         4 0.0692 0.0140      0.0631      0.0753
5         5 0.0925 0.0123      0.0871      0.0979
6         6 0.1046 0.0145      0.0983      0.1109
7         7 0.1073 0.0129      0.1016      0.1130
8         8 0.1107 0.0164      0.1035      0.1179
9         9 0.1059 0.0120      0.1007      0.1111
10       10 0.0988 0.0146      0.0924      0.1052
11       11 0.0812 0.0120      0.0759      0.0865
12       12 0.0616 0.0108      0.0569      0.0663
13       13 0.0448 0.0144      0.0385      0.0511
14       14 0.0263 0.0117      0.0212      0.0314
15       15 0.0133 0.0076      0.0100      0.0166
16       16 0.0066 0.0060      0.0040      0.0092
17       17 0.0009 0.0010      0.0005      0.0013
18       18 0.0004 0.0008      0.0000      0.0008
19       19 0.0000 0.0000      0.0000      0.0000
20       20 0.0000 0.0000      0.0000      0.0000

[1] "processed_famsize_stats"
$d5
   variable   means      sd lower_bound upper_bound
1      mean 44.6000  5.2955     42.2792     46.9208
2    median 20.3500  1.3485     19.7590     20.9410
3        sd 74.3832 18.1987     66.4073     82.3592
4 disparity  0.3920  0.0355      0.3765      0.4076

$d6
   variable    means      sd lower_bound upper_bound
1      mean 141.7500 16.7202    134.4220    149.0780
2    median  42.2500  3.9186     40.5326     43.9674
3        sd 311.2015 58.8622    285.4039    336.9990
4 disparity   0.4462  0.0315      0.4324      0.4601

$d7
   variable     means       sd lower_bound upper_bound
1      mean  433.8500  57.5658    408.6207    459.0793
2    median   83.8000   8.1020     80.2492     87.3508
3        sd 1182.1381 237.7247   1077.9506   1286.3256
4 disparity    0.5109   0.0267      0.4992      0.5226

$d8
   variable     means        sd lower_bound upper_bound
1      mean 1122.7500  221.0703   1025.8617   1219.6383
2    median  122.6000   17.8012    114.7983    130.4017
3        sd 3760.6029 1314.2238   3184.6189   4336.5868
4 disparity    0.5821    0.0587      0.5564      0.6078

[1] "processed_Q_famsize_stats"
     variable  means     sd lower_bound upper_bound
1    prim_cor 0.1417 0.0485      0.1204      0.1629
2     sec_cor 0.6463 0.0247      0.6355      0.6571
3     ter_cor 0.7402 0.0234      0.7299      0.7504
4 prim_pvalue 0.0264 0.0815     -0.0093      0.0621
5  sec_pvalue 0.0000 0.0000      0.0000      0.0000
6  ter_pvalue 0.0000 0.0000      0.0000      0.0000
