[1] "processed_total_resp_stats"
   variable        means           sd  lower_bound  upper_bound
1 max_cells  1683113.550  243446.4593 1.444536e+06 1.921691e+06
2  time_max        8.250       0.6028 7.659300e+00 8.840700e+00
3   Q_cells     2323.500      64.8922 2.259906e+03 2.387094e+03
4 max_cells  7316757.546 1108844.8760 6.230090e+06 8.403426e+06
5  time_max       58.375       0.2986 5.808240e+01 5.866760e+01
6   Q_cells    10807.500     293.2490 1.052012e+04 1.109488e+04
7 max_cells 34601942.630 2091746.5830 3.255203e+07 3.665185e+07
8  time_max      108.400       0.2160 1.081883e+02 1.086117e+02
9   Q_cells    50209.750    1216.6200 4.901746e+04 5.140204e+04
[1] "processed_max_fam_stats"
           variable      means        sd lower_bound upper_bound
1         mean_prim  1947.2367  225.7632   1725.9888   2168.4847
2          mean_sec 10233.5400  769.2786   9479.6469  10987.4330
3          mean_ter 49262.4856 2248.2171  47059.2328  51465.7383
4       median_prim   106.0194   13.0498     93.2306    118.8082
5        median_sec  2189.3040  205.1961   1988.2118   2390.3962
6        median_ter 23667.5248 1565.0808  22133.7456  25201.3040
7      cor_prim_sec     0.0993    0.0262      0.0736      0.1250
8  p_value_prim_sec     0.0508    0.0705     -0.0183      0.1199
9       cor_sec_ter     0.3908    0.0249      0.3663      0.4152
10  p_value_sec_ter     0.0000    0.0000      0.0000      0.0000
[1] "processed_famsizes_freq_stats"
$d5
   variable  means     sd lower_bound upper_bound
1         1 0.2855 0.0101      0.2756      0.2954
2         2 0.0310 0.0096      0.0216      0.0404
3         3 0.0765 0.0034      0.0732      0.0798
4         4 0.1040 0.0202      0.0842      0.1238
5         5 0.1250 0.0148      0.1105      0.1395
6         6 0.1310 0.0109      0.1203      0.1417
7         7 0.0785 0.0131      0.0657      0.0913
8         8 0.0735 0.0100      0.0637      0.0833
9         9 0.0460 0.0073      0.0388      0.0532
10       10 0.0230 0.0012      0.0219      0.0241
11       11 0.0150 0.0104      0.0048      0.0252
12       12 0.0070 0.0038      0.0032      0.0108
13       13 0.0025 0.0025      0.0000      0.0050
14       14 0.0005 0.0010     -0.0005      0.0015
15       15 0.0010 0.0012     -0.0001      0.0021
16       16 0.0000 0.0000      0.0000      0.0000
17       17 0.0000 0.0000      0.0000      0.0000
18       18 0.0000 0.0000      0.0000      0.0000
19       19 0.0000 0.0000      0.0000      0.0000
20       20 0.0000 0.0000      0.0000      0.0000

$d6
   variable  means     sd lower_bound upper_bound
1         1 0.1115 0.0066      0.1050      0.1180
2         2 0.0205 0.0025      0.0180      0.0230
3         3 0.0525 0.0217      0.0312      0.0738
4         4 0.0790 0.0068      0.0723      0.0857
5         5 0.1065 0.0077      0.0989      0.1141
6         6 0.1355 0.0070      0.1286      0.1424
7         7 0.1135 0.0143      0.0995      0.1275
8         8 0.1145 0.0221      0.0929      0.1361
9         9 0.0760 0.0124      0.0638      0.0882
10       10 0.0620 0.0118      0.0505      0.0735
11       11 0.0480 0.0123      0.0359      0.0601
12       12 0.0355 0.0082      0.0274      0.0436
13       13 0.0210 0.0042      0.0169      0.0251
14       14 0.0120 0.0028      0.0092      0.0148
15       15 0.0075 0.0047      0.0029      0.0121
16       16 0.0035 0.0019      0.0016      0.0054
17       17 0.0010 0.0012     -0.0001      0.0021
18       18 0.0000 0.0000      0.0000      0.0000
19       19 0.0000 0.0000      0.0000      0.0000
20       20 0.0000 0.0000      0.0000      0.0000

$d7
   variable  means     sd lower_bound upper_bound
1         1 0.0340 0.0040      0.0301      0.0379
2         2 0.0130 0.0042      0.0089      0.0171
3         3 0.0475 0.0117      0.0360      0.0590
4         4 0.0690 0.0089      0.0603      0.0777
5         5 0.0925 0.0019      0.0906      0.0944
6         6 0.1025 0.0145      0.0883      0.1167
7         7 0.1105 0.0093      0.1014      0.1196
8         8 0.1130 0.0116      0.1016      0.1244
9         9 0.1040 0.0083      0.0958      0.1122
10       10 0.0830 0.0176      0.0657      0.1003
11       11 0.0770 0.0060      0.0711      0.0829
12       12 0.0570 0.0096      0.0476      0.0664
13       13 0.0385 0.0112      0.0275      0.0495
14       14 0.0235 0.0041      0.0195      0.0275
15       15 0.0165 0.0053      0.0113      0.0217
16       16 0.0110 0.0048      0.0063      0.0157
17       17 0.0050 0.0012      0.0039      0.0061
18       18 0.0025 0.0010      0.0015      0.0035
19       19 0.0000 0.0000      0.0000      0.0000
20       20 0.0000 0.0000      0.0000      0.0000

$d8
   variable  means     sd lower_bound upper_bound
1         1 0.0110 0.0062      0.0049      0.0171
2         2 0.0090 0.0042      0.0049      0.0131
3         3 0.0470 0.0068      0.0403      0.0537
4         4 0.0690 0.0089      0.0603      0.0777
5         5 0.0965 0.0068      0.0898      0.1032
6         6 0.1005 0.0060      0.0946      0.1064
7         7 0.1060 0.0085      0.0977      0.1143
8         8 0.1035 0.0126      0.0912      0.1158
9         9 0.0980 0.0218      0.0766      0.1194
10       10 0.0885 0.0124      0.0764      0.1006
11       11 0.0770 0.0053      0.0718      0.0822
12       12 0.0645 0.0194      0.0455      0.0835
13       13 0.0420 0.0000      0.0420      0.0420
14       14 0.0420 0.0069      0.0352      0.0488
15       15 0.0215 0.0072      0.0145      0.0285
16       16 0.0130 0.0074      0.0058      0.0202
17       17 0.0050 0.0035      0.0016      0.0084
18       18 0.0040 0.0037      0.0004      0.0076
19       19 0.0020 0.0016      0.0004      0.0036
20       20 0.0000 0.0000      0.0000      0.0000

[1] "processed_famsize_stats"
$d5
   variable   means       sd lower_bound upper_bound
1      mean 148.250  15.1740    133.3795    163.1205
2    median  25.000   0.8165     24.1998     25.8002
3        sd 706.880 255.3279    456.6587    957.1013
4 disparity   0.676   0.0410      0.6358      0.7162

$d6
   variable     means       sd lower_bound upper_bound
1      mean  751.0000 153.9112    600.1670    901.8330
2    median   63.0000   9.2014     53.9826     72.0174
3        sd 3112.6722 910.8543   2220.0351   4005.3094
4 disparity    0.7102   0.0411      0.6700      0.7505

$d7
   variable    means       sd lower_bound upper_bound
1      mean 2016.250 240.7133   1780.3509   2252.1491
2    median  117.750  18.2643     99.8510    135.6490
3        sd 9297.501 752.7606   8559.7959  10035.2066
4 disparity    0.735   0.0295      0.7061      0.7639

$d8
   variable      means        sd lower_bound upper_bound
1      mean  2930.2500  194.4091   2739.7290   3120.7710
2    median   141.0000   16.8523    124.4847    157.5153
3        sd 15067.6930 2187.9611  12923.4911  17211.8949
4 disparity     0.7305    0.0578      0.6739      0.7871

[1] "processed_Q_famsize_stats"
     variable  means     sd lower_bound upper_bound
1    prim_cor 0.1335 0.0331      0.1011      0.1660
2     sec_cor 0.5881 0.0288      0.5599      0.6164
3     ter_cor 0.6484 0.0112      0.6374      0.6594
4 prim_pvalue 0.0072 0.0067      0.0006      0.0137
5  sec_pvalue 0.0000 0.0000      0.0000      0.0000
6  ter_pvalue 0.0000 0.0000      0.0000      0.0000
