[1] "processed_total_resp_stats"
   variable        means           sd  lower_bound  upper_bound
1 max_cells  1822860.700  504245.0576 1.724029e+06 1.921693e+06
2  time_max        8.355       0.5960 8.238200e+00 8.471800e+00
3   Q_cells     2330.420      63.1778 2.318037e+03 2.342803e+03
4 max_cells  7765242.749  909988.3353 7.586885e+06 7.943600e+06
5  time_max       58.246       0.3580 5.817580e+01 5.831620e+01
6   Q_cells    10878.740     322.6025 1.081551e+04 1.094197e+04
7 max_cells 35795757.210 2322586.5733 3.534053e+07 3.625098e+07
8  time_max      108.325       0.2091 1.082840e+02 1.083660e+02
9   Q_cells    50777.110    1549.4249 5.047342e+04 5.108080e+04
[1] "processed_max_fam_stats"
           variable      means        sd lower_bound upper_bound
1         mean_prim  2181.6106  579.9294   2067.9444   2295.2767
2          mean_sec 10642.0603 1360.3865  10375.4246  10908.6961
3          mean_ter 49905.3678 3540.5215  49211.4256  50599.3100
4       median_prim    99.0382   12.7248     96.5442    101.5323
5        median_sec  2129.4126  219.5448   2086.3818   2172.4434
6        median_ter 24692.1252 1962.7161  24307.4329  25076.8176
7      cor_prim_sec     0.0673    0.0401      0.0595      0.0752
8  p_value_prim_sec     0.2401    0.2608      0.1889      0.2912
9       cor_sec_ter     0.4195    0.0361      0.4124      0.4265
10  p_value_sec_ter     0.0000    0.0000      0.0000      0.0000
[1] "processed_famsizes_freq_stats"
$d5
   variable  means     sd lower_bound upper_bound
1         0 0.2734 0.0175      0.2699      0.2768
2         1 0.0390 0.0094      0.0372      0.0409
3         2 0.0709 0.0107      0.0688      0.0730
4         3 0.1027 0.0138      0.1000      0.1054
5         4 0.1341 0.0149      0.1312      0.1370
6         5 0.1251 0.0154      0.1221      0.1281
7         6 0.0918 0.0130      0.0892      0.0943
8         7 0.0664 0.0102      0.0644      0.0684
9         8 0.0435 0.0085      0.0419      0.0452
10        9 0.0250 0.0061      0.0238      0.0262
11       10 0.0148 0.0052      0.0138      0.0158
12       11 0.0080 0.0042      0.0072      0.0088
13       12 0.0033 0.0027      0.0028      0.0038
14       13 0.0014 0.0017      0.0011      0.0017
15       14 0.0005 0.0009      0.0003      0.0007
16       15 0.0001 0.0004      0.0000      0.0002
17       16 0.0000 0.0003      0.0000      0.0001
18       17 0.0000 0.0000      0.0000      0.0000
19       18 0.0000 0.0000      0.0000      0.0000
20       19 0.0000 0.0000      0.0000      0.0000
21       20 0.0000 0.0000      0.0000      0.0000
22       21 0.0000 0.0000      0.0000      0.0000
23       22 0.0000 0.0000      0.0000      0.0000
24       23 0.0000 0.0000      0.0000      0.0000
25       24 0.0000 0.0000      0.0000      0.0000

$d6
   variable  means     sd lower_bound upper_bound
1         0 0.1108 0.0135      0.1081      0.1134
2         1 0.0177 0.0052      0.0167      0.0187
3         2 0.0551 0.0123      0.0527      0.0575
4         3 0.0797 0.0105      0.0776      0.0817
5         4 0.1158 0.0130      0.1133      0.1183
6         5 0.1274 0.0139      0.1247      0.1302
7         6 0.1167 0.0155      0.1137      0.1197
8         7 0.1008 0.0142      0.0980      0.1036
9         8 0.0830 0.0120      0.0807      0.0853
10        9 0.0651 0.0107      0.0630      0.0672
11       10 0.0484 0.0090      0.0466      0.0502
12       11 0.0339 0.0076      0.0324      0.0354
13       12 0.0212 0.0064      0.0199      0.0224
14       13 0.0125 0.0048      0.0116      0.0135
15       14 0.0065 0.0036      0.0058      0.0072
16       15 0.0034 0.0028      0.0029      0.0040
17       16 0.0013 0.0015      0.0010      0.0016
18       17 0.0005 0.0010      0.0003      0.0007
19       18 0.0001 0.0005      0.0000      0.0002
20       19 0.0000 0.0002      0.0000      0.0001
21       20 0.0000 0.0000      0.0000      0.0000
22       21 0.0000 0.0000      0.0000      0.0000
23       22 0.0000 0.0000      0.0000      0.0000
24       23 0.0000 0.0000      0.0000      0.0000
25       24 0.0000 0.0000      0.0000      0.0000

$d7
   variable  means     sd lower_bound upper_bound
1         0 0.0410 0.0090      0.0392      0.0427
2         1 0.0086 0.0042      0.0078      0.0094
3         2 0.0501 0.0104      0.0480      0.0521
4         3 0.0645 0.0127      0.0620      0.0670
5         4 0.0974 0.0124      0.0949      0.0998
6         5 0.1124 0.0129      0.1099      0.1150
7         6 0.1126 0.0136      0.1100      0.1153
8         7 0.1041 0.0146      0.1013      0.1070
9         8 0.0987 0.0111      0.0965      0.1009
10        9 0.0846 0.0136      0.0820      0.0873
11       10 0.0672 0.0116      0.0649      0.0695
12       11 0.0542 0.0106      0.0521      0.0563
13       12 0.0394 0.0087      0.0377      0.0411
14       13 0.0286 0.0072      0.0272      0.0300
15       14 0.0181 0.0055      0.0170      0.0192
16       15 0.0102 0.0038      0.0095      0.0110
17       16 0.0051 0.0032      0.0045      0.0058
18       17 0.0022 0.0020      0.0018      0.0026
19       18 0.0008 0.0013      0.0005      0.0010
20       19 0.0001 0.0004      0.0000      0.0002
21       20 0.0000 0.0003      0.0000      0.0001
22       21 0.0000 0.0000      0.0000      0.0000
23       22 0.0000 0.0000      0.0000      0.0000
24       23 0.0000 0.0000      0.0000      0.0000
25       24 0.0000 0.0000      0.0000      0.0000

$d8
   variable  means     sd lower_bound upper_bound
1         0 0.0143 0.0052      0.0133      0.0153
2         1 0.0076 0.0074      0.0061      0.0090
3         2 0.0554 0.0132      0.0528      0.0580
4         3 0.0686 0.0122      0.0663      0.0710
5         4 0.0969 0.0133      0.0943      0.0996
6         5 0.1050 0.0139      0.1023      0.1077
7         6 0.1031 0.0134      0.1004      0.1057
8         7 0.1046 0.0133      0.1020      0.1072
9         8 0.0938 0.0153      0.0908      0.0968
10        9 0.0844 0.0118      0.0821      0.0867
11       10 0.0728 0.0120      0.0705      0.0751
12       11 0.0596 0.0122      0.0572      0.0620
13       12 0.0478 0.0103      0.0458      0.0499
14       13 0.0354 0.0081      0.0338      0.0370
15       14 0.0231 0.0067      0.0218      0.0244
16       15 0.0140 0.0053      0.0130      0.0150
17       16 0.0080 0.0045      0.0071      0.0089
18       17 0.0040 0.0027      0.0035      0.0045
19       18 0.0012 0.0017      0.0009      0.0016
20       19 0.0003 0.0008      0.0001      0.0005
21       20 0.0001 0.0005      0.0000      0.0002
22       21 0.0000 0.0000      0.0000      0.0000
23       22 0.0000 0.0000      0.0000      0.0000
24       23 0.0000 0.0000      0.0000      0.0000
25       24 0.0000 0.0000      0.0000      0.0000

[1] "processed_famsize_stats"
$d5
   variable    means       sd lower_bound upper_bound
1      mean 157.0700  44.8574    148.2779    165.8621
2    median  24.8400   2.2416     24.4007     25.2793
3        sd 723.9180 492.5795    627.3725    820.4636
4 disparity   0.6798   0.0648      0.6672      0.6925

$d6
   variable     means        sd lower_bound upper_bound
1      mean  892.5700  291.8883    835.3599    949.7801
2    median   60.8300    6.9762     59.4627     62.1973
3        sd 5040.4226 3287.7672   4396.0202   5684.8250
4 disparity    0.7379    0.0689      0.7244      0.7514

$d7
   variable      means        sd lower_bound upper_bound
1      mean  2274.4600  603.8236   2156.1106   2392.8094
2    median   114.0200   14.1314    111.2502    116.7898
3        sd 11759.7265 6151.6928  10553.9948  12965.4583
4 disparity     0.7367    0.0560      0.7257      0.7477

$d8
   variable      means        sd lower_bound upper_bound
1      mean  3190.1100  820.0769   3029.3749   3350.8451
2    median   132.9400   18.2457    129.3638    136.5162
3        sd 16235.4743 7678.5022  14730.4879  17740.4607
4 disparity     0.7352    0.0554      0.7243      0.7460

[1] "processed_Q_famsize_stats"
     variable  means     sd lower_bound upper_bound
1    prim_cor 0.1228 0.0396      0.1151      0.1306
2     sec_cor 0.5933 0.0321      0.5870      0.5996
3     ter_cor 0.6541 0.0283      0.6486      0.6596
4 prim_pvalue 0.0424 0.1038      0.0221      0.0627
5  sec_pvalue 0.0000 0.0000      0.0000      0.0000
6  ter_pvalue 0.0000 0.0000      0.0000      0.0000
